P(9.5, 0.6, -8.3)R(0.0, 125.6, 0.0)S(5.9, 1.3, 1.0)
P(-7.5, 0.6, 7.7)R(0.0, 125.6, 0.0)S(5.9, 1.3, 1.0)
P(4.3, 0.6, 0.1)R(0.0, 73.2, 0.0)S(5.9, 1.3, 1.0)
P(17.6, 3.0, 0.1)R(0.0, 90.0, 0.0)S(36.1, 6.7, 1.0)
P(-12.1, 0.6, -4.1)R(0.0, 73.2, 0.0)S(5.9, 1.3, 1.0)
P(10.2, 0.6, 8.5)R(0.0, 73.2, 0.0)S(5.9, 1.3, 1.0)
P(0.1, 3.0, -17.3)R(0.0, 0.0, 0.0)S(36.1, 6.7, 1.0)
P(-3.7, 0.6, -8.3)R(0.0, 90.0, 0.0)S(5.9, 1.3, 1.0)
P(0.3, 3.0, 17.6)R(0.0, 0.0, 0.0)S(36.1, 6.7, 1.0)
P(-17.3, 3.0, 0.1)R(0.0, 90.0, 0.0)S(36.1, 6.7, 1.0)
P(0.0, 0.0, 0.0)R(0.0, 0.0, 0.0)S(37.0, 0.1, 37.0)
